751 943
96 96 288

2 1 0 32 192 XOR
2 1 0 32 193 AND
2 1 1 193 194 XOR
2 1 33 193 195 XOR
2 1 1 195 196 XOR
2 1 194 195 197 AND
2 1 193 197 198 XOR
2 1 2 198 199 XOR
2 1 34 198 200 XOR
2 1 2 200 201 XOR
2 1 199 200 202 AND
2 1 198 202 203 XOR
2 1 3 203 204 XOR
2 1 35 203 205 XOR
2 1 3 205 206 XOR
2 1 204 205 207 AND
2 1 203 207 208 XOR
2 1 4 208 209 XOR
2 1 36 208 210 XOR
2 1 4 210 211 XOR
2 1 209 210 212 AND
2 1 208 212 213 XOR
2 1 5 213 214 XOR
2 1 37 213 215 XOR
2 1 5 215 216 XOR
2 1 214 215 217 AND
2 1 213 217 218 XOR
2 1 6 218 219 XOR
2 1 38 218 220 XOR
2 1 6 220 221 XOR
2 1 219 220 222 AND
2 1 218 222 223 XOR
2 1 7 223 224 XOR
2 1 39 223 225 XOR
2 1 7 225 226 XOR
2 1 224 225 227 AND
2 1 223 227 228 XOR
2 1 8 228 229 XOR
2 1 40 228 230 XOR
2 1 8 230 231 XOR
2 1 229 230 232 AND
2 1 228 232 233 XOR
2 1 9 233 234 XOR
2 1 41 233 235 XOR
2 1 9 235 236 XOR
2 1 234 235 237 AND
2 1 233 237 238 XOR
2 1 10 238 239 XOR
2 1 42 238 240 XOR
2 1 10 240 241 XOR
2 1 239 240 242 AND
2 1 238 242 243 XOR
2 1 11 243 244 XOR
2 1 43 243 245 XOR
2 1 11 245 246 XOR
2 1 244 245 247 AND
2 1 243 247 248 XOR
2 1 12 248 249 XOR
2 1 44 248 250 XOR
2 1 12 250 251 XOR
2 1 249 250 252 AND
2 1 248 252 253 XOR
2 1 13 253 254 XOR
2 1 45 253 255 XOR
2 1 13 255 256 XOR
2 1 254 255 257 AND
2 1 253 257 258 XOR
2 1 14 258 259 XOR
2 1 46 258 260 XOR
2 1 14 260 261 XOR
2 1 259 260 262 AND
2 1 258 262 263 XOR
2 1 15 263 264 XOR
2 1 47 263 265 XOR
2 1 15 265 266 XOR
2 1 264 265 267 AND
2 1 263 267 268 XOR
2 1 16 268 269 XOR
2 1 48 268 270 XOR
2 1 16 270 271 XOR
2 1 269 270 272 AND
2 1 268 272 273 XOR
2 1 17 273 274 XOR
2 1 49 273 275 XOR
2 1 17 275 276 XOR
2 1 274 275 277 AND
2 1 273 277 278 XOR
2 1 18 278 279 XOR
2 1 50 278 280 XOR
2 1 18 280 281 XOR
2 1 279 280 282 AND
2 1 278 282 283 XOR
2 1 19 283 284 XOR
2 1 51 283 285 XOR
2 1 19 285 286 XOR
2 1 284 285 287 AND
2 1 283 287 288 XOR
2 1 20 288 289 XOR
2 1 52 288 290 XOR
2 1 20 290 291 XOR
2 1 289 290 292 AND
2 1 288 292 293 XOR
2 1 21 293 294 XOR
2 1 53 293 295 XOR
2 1 21 295 296 XOR
2 1 294 295 297 AND
2 1 293 297 298 XOR
2 1 22 298 299 XOR
2 1 54 298 300 XOR
2 1 22 300 301 XOR
2 1 299 300 302 AND
2 1 298 302 303 XOR
2 1 23 303 304 XOR
2 1 55 303 305 XOR
2 1 23 305 306 XOR
2 1 304 305 307 AND
2 1 303 307 308 XOR
2 1 24 308 309 XOR
2 1 56 308 310 XOR
2 1 24 310 311 XOR
2 1 309 310 312 AND
2 1 308 312 313 XOR
2 1 25 313 314 XOR
2 1 57 313 315 XOR
2 1 25 315 316 XOR
2 1 314 315 317 AND
2 1 313 317 318 XOR
2 1 26 318 319 XOR
2 1 58 318 320 XOR
2 1 26 320 321 XOR
2 1 319 320 322 AND
2 1 318 322 323 XOR
2 1 27 323 324 XOR
2 1 59 323 325 XOR
2 1 27 325 326 XOR
2 1 324 325 327 AND
2 1 323 327 328 XOR
2 1 28 328 329 XOR
2 1 60 328 330 XOR
2 1 28 330 331 XOR
2 1 329 330 332 AND
2 1 328 332 333 XOR
2 1 29 333 334 XOR
2 1 61 333 335 XOR
2 1 29 335 336 XOR
2 1 334 335 337 AND
2 1 333 337 338 XOR
2 1 30 338 339 XOR
2 1 62 338 340 XOR
2 1 30 340 341 XOR
2 1 339 340 342 AND
2 1 338 342 343 XOR
2 1 343 63 344 XOR
2 1 344 31 345 XOR
2 1 64 96 346 XOR
2 1 64 96 347 AND
2 1 65 347 348 XOR
2 1 97 347 349 XOR
2 1 65 349 350 XOR
2 1 348 349 351 AND
2 1 347 351 352 XOR
2 1 66 352 353 XOR
2 1 98 352 354 XOR
2 1 66 354 355 XOR
2 1 353 354 356 AND
2 1 352 356 357 XOR
2 1 67 357 358 XOR
2 1 99 357 359 XOR
2 1 67 359 360 XOR
2 1 358 359 361 AND
2 1 357 361 362 XOR
2 1 68 362 363 XOR
2 1 100 362 364 XOR
2 1 68 364 365 XOR
2 1 363 364 366 AND
2 1 362 366 367 XOR
2 1 69 367 368 XOR
2 1 101 367 369 XOR
2 1 69 369 370 XOR
2 1 368 369 371 AND
2 1 367 371 372 XOR
2 1 70 372 373 XOR
2 1 102 372 374 XOR
2 1 70 374 375 XOR
2 1 373 374 376 AND
2 1 372 376 377 XOR
2 1 71 377 378 XOR
2 1 103 377 379 XOR
2 1 71 379 380 XOR
2 1 378 379 381 AND
2 1 377 381 382 XOR
2 1 72 382 383 XOR
2 1 104 382 384 XOR
2 1 72 384 385 XOR
2 1 383 384 386 AND
2 1 382 386 387 XOR
2 1 73 387 388 XOR
2 1 105 387 389 XOR
2 1 73 389 390 XOR
2 1 388 389 391 AND
2 1 387 391 392 XOR
2 1 74 392 393 XOR
2 1 106 392 394 XOR
2 1 74 394 395 XOR
2 1 393 394 396 AND
2 1 392 396 397 XOR
2 1 75 397 398 XOR
2 1 107 397 399 XOR
2 1 75 399 400 XOR
2 1 398 399 401 AND
2 1 397 401 402 XOR
2 1 76 402 403 XOR
2 1 108 402 404 XOR
2 1 76 404 405 XOR
2 1 403 404 406 AND
2 1 402 406 407 XOR
2 1 77 407 408 XOR
2 1 109 407 409 XOR
2 1 77 409 410 XOR
2 1 408 409 411 AND
2 1 407 411 412 XOR
2 1 78 412 413 XOR
2 1 110 412 414 XOR
2 1 78 414 415 XOR
2 1 413 414 416 AND
2 1 412 416 417 XOR
2 1 79 417 418 XOR
2 1 111 417 419 XOR
2 1 79 419 420 XOR
2 1 418 419 421 AND
2 1 417 421 422 XOR
2 1 80 422 423 XOR
2 1 112 422 424 XOR
2 1 80 424 425 XOR
2 1 423 424 426 AND
2 1 422 426 427 XOR
2 1 81 427 428 XOR
2 1 113 427 429 XOR
2 1 81 429 430 XOR
2 1 428 429 431 AND
2 1 427 431 432 XOR
2 1 82 432 433 XOR
2 1 114 432 434 XOR
2 1 82 434 435 XOR
2 1 433 434 436 AND
2 1 432 436 437 XOR
2 1 83 437 438 XOR
2 1 115 437 439 XOR
2 1 83 439 440 XOR
2 1 438 439 441 AND
2 1 437 441 442 XOR
2 1 84 442 443 XOR
2 1 116 442 444 XOR
2 1 84 444 445 XOR
2 1 443 444 446 AND
2 1 442 446 447 XOR
2 1 85 447 448 XOR
2 1 117 447 449 XOR
2 1 85 449 450 XOR
2 1 448 449 451 AND
2 1 447 451 452 XOR
2 1 86 452 453 XOR
2 1 118 452 454 XOR
2 1 86 454 455 XOR
2 1 453 454 456 AND
2 1 452 456 457 XOR
2 1 87 457 458 XOR
2 1 119 457 459 XOR
2 1 87 459 460 XOR
2 1 458 459 461 AND
2 1 457 461 462 XOR
2 1 88 462 463 XOR
2 1 120 462 464 XOR
2 1 88 464 465 XOR
2 1 463 464 466 AND
2 1 462 466 467 XOR
2 1 89 467 468 XOR
2 1 121 467 469 XOR
2 1 89 469 470 XOR
2 1 468 469 471 AND
2 1 467 471 472 XOR
2 1 90 472 473 XOR
2 1 122 472 474 XOR
2 1 90 474 475 XOR
2 1 473 474 476 AND
2 1 472 476 477 XOR
2 1 91 477 478 XOR
2 1 123 477 479 XOR
2 1 91 479 480 XOR
2 1 478 479 481 AND
2 1 477 481 482 XOR
2 1 92 482 483 XOR
2 1 124 482 484 XOR
2 1 92 484 485 XOR
2 1 483 484 486 AND
2 1 482 486 487 XOR
2 1 93 487 488 XOR
2 1 125 487 489 XOR
2 1 93 489 490 XOR
2 1 488 489 491 AND
2 1 487 491 492 XOR
2 1 94 492 493 XOR
2 1 126 492 494 XOR
2 1 94 494 495 XOR
2 1 493 494 496 AND
2 1 492 496 497 XOR
2 1 497 127 498 XOR
2 1 498 95 499 XOR
2 1 128 160 500 XOR
2 1 128 160 501 AND
2 1 129 501 502 XOR
2 1 161 501 503 XOR
2 1 129 503 504 XOR
2 1 502 503 505 AND
2 1 501 505 506 XOR
2 1 130 506 507 XOR
2 1 162 506 508 XOR
2 1 130 508 509 XOR
2 1 507 508 510 AND
2 1 506 510 511 XOR
2 1 131 511 512 XOR
2 1 163 511 513 XOR
2 1 131 513 514 XOR
2 1 512 513 515 AND
2 1 511 515 516 XOR
2 1 132 516 517 XOR
2 1 164 516 518 XOR
2 1 132 518 519 XOR
2 1 517 518 520 AND
2 1 516 520 521 XOR
2 1 133 521 522 XOR
2 1 165 521 523 XOR
2 1 133 523 524 XOR
2 1 522 523 525 AND
2 1 521 525 526 XOR
2 1 134 526 527 XOR
2 1 166 526 528 XOR
2 1 134 528 529 XOR
2 1 527 528 530 AND
2 1 526 530 531 XOR
2 1 135 531 532 XOR
2 1 167 531 533 XOR
2 1 135 533 534 XOR
2 1 532 533 535 AND
2 1 531 535 536 XOR
2 1 136 536 537 XOR
2 1 168 536 538 XOR
2 1 136 538 539 XOR
2 1 537 538 540 AND
2 1 536 540 541 XOR
2 1 137 541 542 XOR
2 1 169 541 543 XOR
2 1 137 543 544 XOR
2 1 542 543 545 AND
2 1 541 545 546 XOR
2 1 138 546 547 XOR
2 1 170 546 548 XOR
2 1 138 548 549 XOR
2 1 547 548 550 AND
2 1 546 550 551 XOR
2 1 139 551 552 XOR
2 1 171 551 553 XOR
2 1 139 553 554 XOR
2 1 552 553 555 AND
2 1 551 555 556 XOR
2 1 140 556 557 XOR
2 1 172 556 558 XOR
2 1 140 558 559 XOR
2 1 557 558 560 AND
2 1 556 560 561 XOR
2 1 141 561 562 XOR
2 1 173 561 563 XOR
2 1 141 563 564 XOR
2 1 562 563 565 AND
2 1 561 565 566 XOR
2 1 142 566 567 XOR
2 1 174 566 568 XOR
2 1 142 568 569 XOR
2 1 567 568 570 AND
2 1 566 570 571 XOR
2 1 143 571 572 XOR
2 1 175 571 573 XOR
2 1 143 573 574 XOR
2 1 572 573 575 AND
2 1 571 575 576 XOR
2 1 144 576 577 XOR
2 1 176 576 578 XOR
2 1 144 578 579 XOR
2 1 577 578 580 AND
2 1 576 580 581 XOR
2 1 145 581 582 XOR
2 1 177 581 583 XOR
2 1 145 583 584 XOR
2 1 582 583 585 AND
2 1 581 585 586 XOR
2 1 146 586 587 XOR
2 1 178 586 588 XOR
2 1 146 588 589 XOR
2 1 587 588 590 AND
2 1 586 590 591 XOR
2 1 147 591 592 XOR
2 1 179 591 593 XOR
2 1 147 593 594 XOR
2 1 592 593 595 AND
2 1 591 595 596 XOR
2 1 148 596 597 XOR
2 1 180 596 598 XOR
2 1 148 598 599 XOR
2 1 597 598 600 AND
2 1 596 600 601 XOR
2 1 149 601 602 XOR
2 1 181 601 603 XOR
2 1 149 603 604 XOR
2 1 602 603 605 AND
2 1 601 605 606 XOR
2 1 150 606 607 XOR
2 1 182 606 608 XOR
2 1 150 608 609 XOR
2 1 607 608 610 AND
2 1 606 610 611 XOR
2 1 151 611 612 XOR
2 1 183 611 613 XOR
2 1 151 613 614 XOR
2 1 612 613 615 AND
2 1 611 615 616 XOR
2 1 152 616 617 XOR
2 1 184 616 618 XOR
2 1 152 618 619 XOR
2 1 617 618 620 AND
2 1 616 620 621 XOR
2 1 153 621 622 XOR
2 1 185 621 623 XOR
2 1 153 623 624 XOR
2 1 622 623 625 AND
2 1 621 625 626 XOR
2 1 154 626 627 XOR
2 1 186 626 628 XOR
2 1 154 628 629 XOR
2 1 627 628 630 AND
2 1 626 630 631 XOR
2 1 155 631 632 XOR
2 1 187 631 633 XOR
2 1 155 633 634 XOR
2 1 632 633 635 AND
2 1 631 635 636 XOR
2 1 156 636 637 XOR
2 1 188 636 638 XOR
2 1 156 638 639 XOR
2 1 637 638 640 AND
2 1 636 640 641 XOR
2 1 157 641 642 XOR
2 1 189 641 643 XOR
2 1 157 643 644 XOR
2 1 642 643 645 AND
2 1 641 645 646 XOR
2 1 158 646 647 XOR
2 1 190 646 648 XOR
2 1 158 648 649 XOR
2 1 647 648 650 AND
2 1 646 650 651 XOR
2 1 651 191 652 XOR
2 1 652 159 653 XOR
2 1 0 0 654 XOR
2 1 654 0 655 XOR
2 1 654 1 656 XOR
2 1 654 2 657 XOR
2 1 654 3 658 XOR
2 1 654 4 659 XOR
2 1 654 5 660 XOR
2 1 654 6 661 XOR
2 1 654 7 662 XOR
2 1 654 8 663 XOR
2 1 654 9 664 XOR
2 1 654 10 665 XOR
2 1 654 11 666 XOR
2 1 654 12 667 XOR
2 1 654 13 668 XOR
2 1 654 14 669 XOR
2 1 654 15 670 XOR
2 1 654 16 671 XOR
2 1 654 17 672 XOR
2 1 654 18 673 XOR
2 1 654 19 674 XOR
2 1 654 20 675 XOR
2 1 654 21 676 XOR
2 1 654 22 677 XOR
2 1 654 23 678 XOR
2 1 654 24 679 XOR
2 1 654 25 680 XOR
2 1 654 26 681 XOR
2 1 654 27 682 XOR
2 1 654 28 683 XOR
2 1 654 29 684 XOR
2 1 654 30 685 XOR
2 1 654 31 686 XOR
2 1 654 64 687 XOR
2 1 654 65 688 XOR
2 1 654 66 689 XOR
2 1 654 67 690 XOR
2 1 654 68 691 XOR
2 1 654 69 692 XOR
2 1 654 70 693 XOR
2 1 654 71 694 XOR
2 1 654 72 695 XOR
2 1 654 73 696 XOR
2 1 654 74 697 XOR
2 1 654 75 698 XOR
2 1 654 76 699 XOR
2 1 654 77 700 XOR
2 1 654 78 701 XOR
2 1 654 79 702 XOR
2 1 654 80 703 XOR
2 1 654 81 704 XOR
2 1 654 82 705 XOR
2 1 654 83 706 XOR
2 1 654 84 707 XOR
2 1 654 85 708 XOR
2 1 654 86 709 XOR
2 1 654 87 710 XOR
2 1 654 88 711 XOR
2 1 654 89 712 XOR
2 1 654 90 713 XOR
2 1 654 91 714 XOR
2 1 654 92 715 XOR
2 1 654 93 716 XOR
2 1 654 94 717 XOR
2 1 654 95 718 XOR
2 1 654 128 719 XOR
2 1 654 129 720 XOR
2 1 654 130 721 XOR
2 1 654 131 722 XOR
2 1 654 132 723 XOR
2 1 654 133 724 XOR
2 1 654 134 725 XOR
2 1 654 135 726 XOR
2 1 654 136 727 XOR
2 1 654 137 728 XOR
2 1 654 138 729 XOR
2 1 654 139 730 XOR
2 1 654 140 731 XOR
2 1 654 141 732 XOR
2 1 654 142 733 XOR
2 1 654 143 734 XOR
2 1 654 144 735 XOR
2 1 654 145 736 XOR
2 1 654 146 737 XOR
2 1 654 147 738 XOR
2 1 654 148 739 XOR
2 1 654 149 740 XOR
2 1 654 150 741 XOR
2 1 654 151 742 XOR
2 1 654 152 743 XOR
2 1 654 153 744 XOR
2 1 654 154 745 XOR
2 1 654 155 746 XOR
2 1 654 156 747 XOR
2 1 654 157 748 XOR
2 1 654 158 749 XOR
2 1 654 159 750 XOR
2 1 654 32 751 XOR
2 1 654 33 752 XOR
2 1 654 34 753 XOR
2 1 654 35 754 XOR
2 1 654 36 755 XOR
2 1 654 37 756 XOR
2 1 654 38 757 XOR
2 1 654 39 758 XOR
2 1 654 40 759 XOR
2 1 654 41 760 XOR
2 1 654 42 761 XOR
2 1 654 43 762 XOR
2 1 654 44 763 XOR
2 1 654 45 764 XOR
2 1 654 46 765 XOR
2 1 654 47 766 XOR
2 1 654 48 767 XOR
2 1 654 49 768 XOR
2 1 654 50 769 XOR
2 1 654 51 770 XOR
2 1 654 52 771 XOR
2 1 654 53 772 XOR
2 1 654 54 773 XOR
2 1 654 55 774 XOR
2 1 654 56 775 XOR
2 1 654 57 776 XOR
2 1 654 58 777 XOR
2 1 654 59 778 XOR
2 1 654 60 779 XOR
2 1 654 61 780 XOR
2 1 654 62 781 XOR
2 1 654 63 782 XOR
2 1 654 96 783 XOR
2 1 654 97 784 XOR
2 1 654 98 785 XOR
2 1 654 99 786 XOR
2 1 654 100 787 XOR
2 1 654 101 788 XOR
2 1 654 102 789 XOR
2 1 654 103 790 XOR
2 1 654 104 791 XOR
2 1 654 105 792 XOR
2 1 654 106 793 XOR
2 1 654 107 794 XOR
2 1 654 108 795 XOR
2 1 654 109 796 XOR
2 1 654 110 797 XOR
2 1 654 111 798 XOR
2 1 654 112 799 XOR
2 1 654 113 800 XOR
2 1 654 114 801 XOR
2 1 654 115 802 XOR
2 1 654 116 803 XOR
2 1 654 117 804 XOR
2 1 654 118 805 XOR
2 1 654 119 806 XOR
2 1 654 120 807 XOR
2 1 654 121 808 XOR
2 1 654 122 809 XOR
2 1 654 123 810 XOR
2 1 654 124 811 XOR
2 1 654 125 812 XOR
2 1 654 126 813 XOR
2 1 654 127 814 XOR
2 1 654 160 815 XOR
2 1 654 161 816 XOR
2 1 654 162 817 XOR
2 1 654 163 818 XOR
2 1 654 164 819 XOR
2 1 654 165 820 XOR
2 1 654 166 821 XOR
2 1 654 167 822 XOR
2 1 654 168 823 XOR
2 1 654 169 824 XOR
2 1 654 170 825 XOR
2 1 654 171 826 XOR
2 1 654 172 827 XOR
2 1 654 173 828 XOR
2 1 654 174 829 XOR
2 1 654 175 830 XOR
2 1 654 176 831 XOR
2 1 654 177 832 XOR
2 1 654 178 833 XOR
2 1 654 179 834 XOR
2 1 654 180 835 XOR
2 1 654 181 836 XOR
2 1 654 182 837 XOR
2 1 654 183 838 XOR
2 1 654 184 839 XOR
2 1 654 185 840 XOR
2 1 654 186 841 XOR
2 1 654 187 842 XOR
2 1 654 188 843 XOR
2 1 654 189 844 XOR
2 1 654 190 845 XOR
2 1 654 191 846 XOR
2 1 654 192 847 XOR
2 1 654 196 848 XOR
2 1 654 201 849 XOR
2 1 654 206 850 XOR
2 1 654 211 851 XOR
2 1 654 216 852 XOR
2 1 654 221 853 XOR
2 1 654 226 854 XOR
2 1 654 231 855 XOR
2 1 654 236 856 XOR
2 1 654 241 857 XOR
2 1 654 246 858 XOR
2 1 654 251 859 XOR
2 1 654 256 860 XOR
2 1 654 261 861 XOR
2 1 654 266 862 XOR
2 1 654 271 863 XOR
2 1 654 276 864 XOR
2 1 654 281 865 XOR
2 1 654 286 866 XOR
2 1 654 291 867 XOR
2 1 654 296 868 XOR
2 1 654 301 869 XOR
2 1 654 306 870 XOR
2 1 654 311 871 XOR
2 1 654 316 872 XOR
2 1 654 321 873 XOR
2 1 654 326 874 XOR
2 1 654 331 875 XOR
2 1 654 336 876 XOR
2 1 654 341 877 XOR
2 1 654 345 878 XOR
2 1 654 346 879 XOR
2 1 654 350 880 XOR
2 1 654 355 881 XOR
2 1 654 360 882 XOR
2 1 654 365 883 XOR
2 1 654 370 884 XOR
2 1 654 375 885 XOR
2 1 654 380 886 XOR
2 1 654 385 887 XOR
2 1 654 390 888 XOR
2 1 654 395 889 XOR
2 1 654 400 890 XOR
2 1 654 405 891 XOR
2 1 654 410 892 XOR
2 1 654 415 893 XOR
2 1 654 420 894 XOR
2 1 654 425 895 XOR
2 1 654 430 896 XOR
2 1 654 435 897 XOR
2 1 654 440 898 XOR
2 1 654 445 899 XOR
2 1 654 450 900 XOR
2 1 654 455 901 XOR
2 1 654 460 902 XOR
2 1 654 465 903 XOR
2 1 654 470 904 XOR
2 1 654 475 905 XOR
2 1 654 480 906 XOR
2 1 654 485 907 XOR
2 1 654 490 908 XOR
2 1 654 495 909 XOR
2 1 654 499 910 XOR
2 1 654 500 911 XOR
2 1 654 504 912 XOR
2 1 654 509 913 XOR
2 1 654 514 914 XOR
2 1 654 519 915 XOR
2 1 654 524 916 XOR
2 1 654 529 917 XOR
2 1 654 534 918 XOR
2 1 654 539 919 XOR
2 1 654 544 920 XOR
2 1 654 549 921 XOR
2 1 654 554 922 XOR
2 1 654 559 923 XOR
2 1 654 564 924 XOR
2 1 654 569 925 XOR
2 1 654 574 926 XOR
2 1 654 579 927 XOR
2 1 654 584 928 XOR
2 1 654 589 929 XOR
2 1 654 594 930 XOR
2 1 654 599 931 XOR
2 1 654 604 932 XOR
2 1 654 609 933 XOR
2 1 654 614 934 XOR
2 1 654 619 935 XOR
2 1 654 624 936 XOR
2 1 654 629 937 XOR
2 1 654 634 938 XOR
2 1 654 639 939 XOR
2 1 654 644 940 XOR
2 1 654 649 941 XOR
2 1 654 653 942 XOR